-0.000000
0.000384
-0.001097
0.000693
0.002416
-0.008496
0.015379
-0.018577
0.013050
0.003810
-0.029297
0.054382
-0.065904
0.051961
-0.008682
-0.054775
0.116238
-0.147134
0.124304
-0.042584
-0.077871
0.194428
-0.256087
0.224726
-0.094984
-0.096772
0.280711
-0.378387
0.335704
-0.150369
-0.119461
0.371975
-0.500000
0.436543
-0.188261
-0.159379
0.470660
-0.612871
0.513309
-0.195413
-0.223601
0.575719
-0.710156
0.558645
-0.169439
-0.306681
0.675185
-0.778335
0.563776
-0.110945
-0.397909
0.751797
-0.799791
0.516718
-0.016721
-0.492567
0.796885
-0.766618
0.413184
0.114376
-0.591976
0.815917
-0.690294
0.268597
0.268759
-0.691960
0.820356
-0.597719
0.116116
0.422275
-0.789699
0.828415
-0.517405
-0.017770
0.556290
-0.873387
0.833844
-0.448851
-0.127454
0.660504
-0.931269
0.826221
-0.384385
-0.217848
0.737921
-0.965282
0.806580
-0.323430
-0.292339
0.795653
-0.986131
0.787656
-0.277972
-0.342910
0.832250
-1.000000
0.782337
-0.264885
-0.352454
0.834142
-0.999675
0.791053
-0.291872
-0.307733
0.785143
-0.968920
0.800283
-0.350432
-0.210654
0.679988
-0.895951
0.793720
-0.422892
-0.076495
0.528079
-0.782103
0.764478
-0.496229
0.079361
0.342886
-0.635596
0.714305
-0.567012
0.251519
0.128036
-0.455768
0.638273
-0.628942
0.437158
-0.121980
-0.226241
0.510653
-0.652955
0.613123
-0.399648
0.067966
0.292955
-0.583270
0.719036
-0.656263
0.405279
-0.030433
-0.365965
0.671778
-0.797440
0.702892
-0.410504
-0.000435
0.416304
-0.722002
0.833953
-0.723296
0.422578
-0.014674
-0.391831
0.692867
-0.815745
0.735679
-0.478669
0.111657
0.275995
-0.594200
0.771871
-0.770989
0.593151
-0.278271
-0.103851
0.467680
-0.729677
0.826679
-0.731249
0.460151
-0.072962
-0.340087
0.679078
-0.859339
0.833758
-0.606038
0.230735
0.200367
-0.581883
0.821871
-0.864764
0.704109
-0.382254
-0.022062
0.414076
-0.705567
0.834104
-0.775074
0.544882
-0.195784
-0.195784
0.544882
-0.775074
0.834104
-0.705567
0.414076
-0.022062
-0.382254
0.704109
-0.864764
0.821871
-0.581883
0.200367
0.230735
-0.606038
0.833758
-0.859339
0.679078
-0.340087
-0.072962
0.460151
-0.731249
0.826679
-0.729677
0.467680
-0.103851
-0.278271
0.593151
-0.770989
0.771871
-0.594200
0.275995
0.111657
-0.478669
0.735679
-0.815745
0.692867
-0.391831
-0.014675
0.422578
-0.723296
0.833953
-0.722001
0.416304
-0.000435
-0.410504
0.702892
-0.797440
0.671778
-0.365965
-0.030433
0.405279
-0.656263
0.719036
-0.583270
0.292955
0.067966
-0.399648
0.613123
-0.652955
0.510653
-0.226241
-0.121980
0.437158
-0.628942
0.638273
-0.455768
0.128036
0.251519
-0.567012
0.714305
-0.635596
0.342886
0.079361
-0.496229
0.764478
-0.782103
0.528079
-0.076495
-0.422892
0.793720
-0.895951
0.679988
-0.210654
-0.350432
0.800283
-0.968920
0.785143
-0.307733
-0.291872
0.791053
-0.999675
0.834142
-0.352454
-0.264885
0.782337
-1.000000
0.832250
-0.342910
-0.277972
0.787656
-0.986131
0.795653
-0.292339
-0.323430
0.806580
-0.965282
0.737922
-0.217848
-0.384385
0.826221
-0.931269
0.660504
-0.127454
-0.448851
0.833844
-0.873387
0.556290
-0.017770
-0.517405
0.828415
-0.789699
0.422275
0.116116
-0.597719
0.820356
-0.691960
0.268759
0.268597
-0.690294
0.815917
-0.591976
0.114376
0.413184
-0.766618
0.796885
-0.492567
-0.016721
0.516718
-0.799791
0.751797
-0.397909
-0.110945
0.563776
-0.778335
0.675185
-0.306682
-0.169439
0.558644
-0.710156
0.575719
-0.223601
-0.195413
0.513309
-0.612871
0.470660
-0.159379
-0.188261
0.436543
-0.500000
0.371975
-0.119461
-0.150369
0.335704
-0.378387
0.280711
-0.096772
-0.094984
0.224726
-0.256087
0.194428
-0.077871
-0.042584
0.124304
-0.147134
0.116238
-0.054775
-0.008682
0.051961
-0.065904
0.054382
-0.029297
0.003810
0.013050
-0.018577
0.015379
-0.008496
0.002416
0.000693
-0.001097
0.000384
-0.000000